# Tetrahedral mesh (possibly inflated)
# Generated by VoxelTetrahedralizer
# Grid size: 10x10x10
# Vertices: 257
# Tetrahedra: 615
# Surface triangles: 448
# Smoothing: Applied (iterations=5, factor=0.5)

VERTICES
-1.518221 0.578044 -8.771048
-0.287731 0.313972 -8.960005
-1.780944 1.749228 -8.814497
-0.315957 2.049159 -8.990689
-2.004916 0.711515 -7.570327
-1.046851 0.123834 -7.380807
-1.761573 1.849270 -7.549246
-0.939059 2.446932 -7.263221
1.098842 0.469507 -9.076335
1.205153 2.088823 -9.082801
0.901396 -0.627797 -8.032635
0.939788 3.173405 -7.726099
2.726336 0.619549 -9.227925
2.716571 2.082145 -8.971070
2.861549 -0.591361 -8.371439
2.894826 3.032893 -8.154823
3.994925 0.865542 -8.886704
4.112020 1.900111 -8.846107
4.713206 0.242145 -8.218628
4.735619 2.393363 -7.767138
1.741010 -1.484082 -7.252191
3.000742 -1.584066 -7.330022
1.127797 -2.139317 -6.132255
3.057164 -2.153010 -5.834669
0.013734 -1.059739 -7.016646
2.739692 0.596168 -5.941639
4.535370 -1.271535 -7.261180
4.622872 -1.946402 -5.835333
4.275346 0.595842 -5.871868
5.796786 -0.909129 -7.065215
5.941978 0.366062 -7.262358
6.005521 -1.138801 -5.776820
6.668419 0.325294 -5.931446
-1.386422 0.212784 -6.380344
-0.824053 2.626379 -6.199481
0.179915 3.354667 -6.642441
2.730529 2.167986 -5.912557
5.400863 2.997419 -6.359772
5.953556 1.667314 -7.237933
6.300265 1.881590 -6.048067
1.522739 3.870870 -7.122025
2.811716 3.782541 -7.217350
0.981207 4.029894 -6.020513
2.738525 4.351392 -5.970872
4.128455 3.573015 -7.223226
4.302096 3.909987 -6.065697
-0.440840 -2.760054 -5.517795
0.573763 -2.823151 -5.336553
-0.914213 -1.768188 -5.918195
-0.817892 -3.090163 -4.350002
0.816275 -3.230954 -4.139507
-1.496644 -2.315871 -5.046424
2.056861 -2.654821 -4.131245
-1.940082 -1.290699 -5.577881
-2.043405 -0.308502 -5.570298
-2.387315 -1.547120 -4.533239
-2.611936 0.389657 -4.515274
-1.905022 1.293695 -5.312753
1.145094 0.597743 -4.577160
3.203414 -2.337975 -4.075387
2.817951 0.597333 -4.520461
4.622023 -2.067839 -4.152052
4.368268 0.596494 -4.404524
6.269257 -1.304159 -4.316944
6.928149 0.399789 -4.331146
-1.552924 2.617086 -4.745500
1.149120 2.259299 -4.506537
2.791991 2.237566 -4.467045
5.717133 3.293230 -5.196577
6.615829 2.322702 -4.386565
-0.214499 3.657676 -5.728018
-0.416077 3.902993 -4.542466
1.064030 4.574234 -4.504369
2.817806 4.695275 -4.490068
4.767058 4.257969 -4.463632
-2.024482 -2.713764 -4.181765
-2.434994 -2.997870 -2.846448
-0.597083 -3.587316 -2.749878
-3.214670 -1.358591 -3.364528
-0.583676 -1.127989 -2.898343
1.090999 -3.198070 -2.677336
2.388551 -2.294935 -2.360183
-3.332704 0.579820 -2.975353
-0.667822 0.599098 -2.962433
2.675371 -1.689171 -1.444584
2.999575 -2.088819 -2.169879
2.752442 -1.696198 -1.563408
4.587540 -2.051428 -2.461385
4.480897 0.597286 -2.847871
6.407978 -1.463757 -2.774492
7.321505 0.467200 -2.744002
-2.406376 1.808425 -4.021315
-2.704764 2.376616 -2.813659
-1.764856 3.182818 -3.582124
1.132177 2.422669 -2.980174
2.889441 2.347903 -2.918069
4.427781 2.234983 -2.824281
6.924260 2.200411 -2.565359
-0.887725 4.266257 -2.896133
0.941790 5.048289 -2.938843
2.855528 5.140465 -3.223091
4.712011 4.807075 -2.697065
6.021698 3.592892 -3.690747
6.191422 3.747321 -2.463795
-3.618510 -2.515898 -2.365560
-3.884182 -1.249295 -2.389639
-3.762871 -2.809506 -1.078263
-2.253451 -3.653371 -1.149310
-4.460230 -1.251968 -1.171667
-2.119570 -1.038846 -1.186582
-0.482284 -3.788503 -1.134572
-0.636975 -1.175577 -1.164636
1.529849 -3.295497 -1.211075
2.685998 -1.968781 -1.943349
-3.986488 0.008306 -2.313653
-4.191608 0.573019 -1.136510
-3.616996 1.326200 -1.866750
-0.779051 0.600439 -1.144298
2.496085 -1.349320 -1.422398
3.476761 -2.098942 -1.212488
4.330856 -1.890474 -0.852967
3.202400 -1.791176 -1.073538
3.634102 -1.682626 -0.743415
6.349169 -1.438774 -0.770004
7.284295 0.545106 -0.668836
7.543486 -1.078151 -2.391157
7.667234 -0.055989 -2.304791
7.304345 -1.119394 -1.225093
7.837208 -0.184659 -1.188981
-3.249429 2.434533 -1.134215
-0.631970 2.368440 -1.165353
1.119333 2.546309 -1.137587
2.944079 2.409775 -1.158899
4.461154 2.252828 -1.183421
6.909376 2.270844 -0.833893
-2.075715 3.621804 -2.155514
-2.255229 3.832240 -0.906398
-0.824225 4.827777 -1.191311
0.273903 5.249441 -1.799644
2.799645 3.895404 -1.184452
5.277664 4.668409 -0.874965
6.173266 3.645347 -0.913888
1.526469 5.615654 -2.234735
2.790301 5.607735 -2.233676
1.091097 5.704271 -1.093051
2.776883 5.903928 -0.824796
4.061989 5.514721 -2.126660
4.234643 5.450629 -0.831488
-4.101995 -3.109988 0.438345
-2.300394 -3.808095 0.549293
-4.910037 -1.052583 0.412956
-2.066333 -1.013891 0.419845
-0.473409 -4.046249 0.503928
-0.548726 -1.096782 0.517165
1.325428 -3.773607 0.524980
1.138271 -1.166723 0.599273
2.637322 -2.876784 -0.616341
2.893895 -3.142647 0.510011
3.878630 -2.140411 0.106753
-4.485727 0.596976 0.699259
-2.103926 0.596782 0.440535
-0.607475 0.598371 0.578746
1.125981 0.600163 0.734578
3.519511 -1.720152 -0.554663
4.539962 -1.971242 0.255806
6.103418 -1.166212 0.640437
3.604988 -1.761781 -0.561481
6.750860 0.432969 0.900459
-3.961612 1.775431 -0.606726
-3.872655 1.854906 0.718158
-3.108139 2.834413 0.757879
-0.546221 2.289813 0.514539
1.138715 2.359658 0.594381
2.855462 2.309429 0.536964
5.573344 3.062868 1.582886
6.359882 2.306544 0.887388
-2.173112 3.767256 0.665318
-0.970470 4.716012 0.769248
0.203915 5.047748 1.617781
3.825220 4.784513 1.641371
4.979545 4.206637 1.007172
6.054384 3.546127 0.431315
-0.125476 5.502789 -0.868664
-0.094725 5.450046 0.128282
1.196069 5.716900 0.716091
3.061718 5.513499 0.848755
4.287962 5.278522 0.465933
-4.990763 -2.765915 0.919907
-5.499836 -1.781639 0.917002
-5.160428 -2.719545 2.104078
-3.963301 -2.997300 2.518658
-5.231666 -1.627924 2.044994
-4.624131 -1.021911 2.539472
-2.374501 -3.732084 2.370314
-0.931304 0.334023 3.336953
-0.688869 -4.199707 2.181025
-0.867176 -0.886320 2.808464
1.445826 -4.032544 2.205137
1.152381 -1.034171 2.074643
3.196193 -3.217338 2.017754
4.088853 -2.483595 1.392399
-3.903563 0.685623 2.507148
-2.752027 0.956693 3.194221
-2.071060 -0.788559 3.317444
1.149870 0.597136 2.126281
4.053928 1.375443 3.681027
5.004067 -1.725191 2.227093
5.063032 0.455166 3.106472
6.016183 -0.876060 1.982230
6.041035 0.458557 2.121163
-3.654110 1.870892 2.048486
-2.563433 2.386291 2.600436
-1.082224 2.945627 3.270968
0.122175 3.254433 3.562021
3.801437 2.602194 3.358197
5.039557 2.453506 2.494699
6.022932 1.809998 2.045188
-2.046542 3.572492 1.949840
-0.955117 3.924304 2.310302
0.990430 4.332736 2.845072
3.268799 4.086023 2.718493
4.538942 3.694495 2.221945
1.773993 5.233629 2.022902
2.817849 5.197572 2.054060
-0.150151 -4.700212 2.759033
0.910979 -4.471509 2.711814
-0.167432 -4.225717 3.769419
0.916432 -4.424811 3.767252
-0.750802 -3.276909 4.233593
1.547165 -3.323157 4.279289
-3.543731 -2.421108 3.702541
-2.257319 -2.777252 3.856961
-3.585459 -1.090460 3.729072
-2.096706 -0.879413 4.367431
-0.845353 -1.056976 4.756083
1.254686 -1.218972 4.982169
3.029533 -2.942548 3.832645
2.885126 -1.297735 4.551649
4.301010 -2.805050 2.462998
4.036257 -2.498616 3.506520
4.410192 -1.379524 3.819723
-3.535716 0.225518 3.610304
-2.393151 0.624455 3.920817
-0.945521 0.291924 4.465367
1.075352 0.508974 4.670434
3.028532 0.550055 4.392268
4.303979 -0.230142 3.855402
-2.023737 1.842845 3.705926
-0.801749 1.871495 4.054256
0.971567 2.281973 4.289236
2.687862 2.255235 4.076445
1.685123 3.490055 3.752201
2.689152 3.428942 3.750468
-0.230512 -2.754013 5.073365
0.854527 -2.773885 5.335719
-0.259935 -1.699428 5.431169
0.805564 -1.692687 5.316508

TETRAHEDRA
0 1 3 5
0 3 2 6
0 4 5 6
3 5 7 6
0 5 3 6
1 8 3 5
8 9 3 11
8 3 5 11
8 5 10 11
3 5 11 7
8 12 13 14
8 13 9 11
8 10 14 11
13 14 15 11
8 14 13 11
12 16 13 14
16 17 13 19
16 13 14 19
16 14 18 19
13 14 19 15
20 21 14 23
20 14 10 24
20 22 23 24
14 23 25 24
20 23 14 24
21 26 14 23
26 18 14 28
26 14 23 28
26 23 27 28
14 23 28 25
26 29 30 31
26 30 18 28
26 27 31 28
30 31 32 28
26 31 30 28
5 10 11 24
5 11 7 34
5 33 24 34
11 24 35 34
5 24 11 34
10 14 11 24
14 15 11 36
14 11 24 36
14 24 25 36
11 24 36 35
14 18 19 28
14 19 15 36
14 25 28 36
19 28 37 36
14 28 19 36
18 30 19 28
30 38 19 39
30 19 28 39
30 28 32 39
19 28 39 37
11 15 41 36
11 41 40 42
11 35 36 42
41 36 43 42
11 36 41 42
15 19 41 36
19 44 41 45
19 41 36 45
19 36 37 45
41 36 45 43
46 47 48 49
47 22 48 52
47 48 49 52
47 49 50 52
48 49 52 51
53 48 54 55
48 33 54 57
48 54 55 57
48 55 51 57
54 55 57 56
48 22 24 52
48 24 33 57
48 51 52 57
24 52 58 57
48 52 24 57
22 23 24 52
23 25 24 60
23 24 52 60
23 52 59 60
24 52 60 58
23 27 28 61
23 28 25 60
23 59 61 60
28 61 62 60
23 61 28 60
27 31 28 61
31 32 28 64
31 28 61 64
31 61 63 64
28 61 64 62
33 24 34 57
24 35 34 66
24 34 57 66
24 57 58 66
34 57 66 65
24 25 36 60
24 36 35 66
24 58 60 66
36 60 67 66
24 60 36 66
25 28 36 60
28 37 36 68
28 36 60 68
28 60 62 68
36 60 68 67
28 32 39 64
28 39 37 68
28 62 64 68
39 64 69 68
28 64 39 68
34 35 42 66
34 42 70 71
34 65 66 71
42 66 72 71
34 66 42 71
35 36 42 66
36 43 42 73
36 42 66 73
36 66 67 73
42 66 73 72
36 37 45 68
36 45 43 73
36 67 68 73
45 68 74 73
36 68 45 73
75 49 55 76
49 51 55 79
49 55 76 79
49 76 77 79
55 76 79 78
49 50 52 80
49 52 51 79
49 77 80 79
52 80 81 79
49 80 52 79
55 51 57 79
55 57 56 82
55 78 79 82
57 79 83 82
55 79 57 82
51 52 57 79
52 58 57 84
52 57 79 84
52 79 81 84
57 79 84 83
52 59 60 85
52 60 58 84
52 81 85 84
60 85 86 84
52 85 60 84
59 61 60 85
61 62 60 88
61 60 85 88
61 85 87 88
60 85 88 86
61 63 64 89
61 64 62 88
61 87 89 88
64 89 90 88
61 89 64 88
56 57 91 82
57 65 91 93
57 91 82 93
57 82 83 93
91 82 93 92
57 58 66 84
57 66 65 93
57 83 84 93
66 84 94 93
57 84 66 93
58 60 66 84
60 67 66 95
60 66 84 95
60 84 86 95
66 84 95 94
60 62 68 88
60 68 67 95
60 86 88 95
68 88 96 95
60 88 68 95
62 64 68 88
64 69 68 97
64 68 88 97
64 88 90 97
68 88 97 96
65 66 71 93
66 72 71 99
66 71 93 99
66 93 94 99
71 93 99 98
66 67 73 95
66 73 72 99
66 94 95 99
73 95 100 99
66 95 73 99
67 68 73 95
68 74 73 101
68 73 95 101
68 95 96 101
73 95 101 100
68 69 102 97
68 102 74 101
68 96 97 101
102 97 103 101
68 97 102 101
104 76 105 106
76 78 105 109
76 105 106 109
76 106 107 109
105 106 109 108
76 77 79 110
76 79 78 109
76 107 110 109
79 110 111 109
76 110 79 109
77 80 79 110
80 81 79 113
80 79 110 113
80 110 112 113
79 110 113 111
105 78 82 109
105 82 114 115
105 108 109 115
82 109 116 115
105 109 82 115
78 79 82 109
79 83 82 117
79 82 109 117
79 109 111 117
82 109 117 116
79 81 84 113
79 84 83 117
79 111 113 117
84 113 118 117
79 113 84 117
85 87 88 120
85 88 86 121
85 119 120 121
88 120 122 121
85 120 88 121
87 89 88 120
89 90 88 124
89 88 120 124
89 120 123 124
88 120 124 122
89 125 126 127
89 126 90 124
89 123 127 124
126 127 128 124
89 127 126 124
82 83 93 117
82 93 92 129
82 116 117 129
93 117 130 129
82 117 93 129
83 84 93 117
84 94 93 131
84 93 117 131
84 117 118 131
93 117 131 130
84 86 95 121
84 95 94 131
84 118 121 131
95 121 132 131
84 121 95 131
86 88 95 121
88 96 95 133
88 95 121 133
88 121 122 133
95 121 133 132
88 90 97 124
88 97 96 133
88 122 124 133
97 124 134 133
88 124 97 133
92 93 135 129
93 98 135 137
93 135 129 137
93 129 130 137
135 129 137 136
93 94 99 131
93 99 98 137
93 130 131 137
99 131 138 137
93 131 99 137
94 95 99 131
95 100 99 139
95 99 131 139
95 131 132 139
99 131 139 138
95 96 101 133
95 101 100 139
95 132 133 139
101 133 140 139
95 133 101 139
96 97 101 133
97 103 101 141
97 101 133 141
97 133 134 141
101 133 141 140
99 100 143 139
99 143 142 144
99 138 139 144
143 139 145 144
99 139 143 144
100 101 143 139
101 146 143 147
101 143 139 147
101 139 140 147
143 139 147 145
106 107 109 149
106 109 108 150
106 148 149 150
109 149 151 150
106 149 109 150
107 110 109 149
110 111 109 153
110 109 149 153
110 149 152 153
109 149 153 151
110 112 113 154
110 113 111 153
110 152 154 153
113 154 155 153
110 154 113 153
112 156 113 154
156 119 113 158
156 113 154 158
156 154 157 158
113 154 158 155
108 109 115 150
109 116 115 160
109 115 150 160
109 150 151 160
115 150 160 159
109 111 117 153
109 117 116 160
109 151 153 160
117 153 161 160
109 153 117 160
111 113 117 153
113 118 117 162
113 117 153 162
113 153 155 162
117 153 162 161
113 119 121 158
113 121 118 162
113 155 158 162
121 158 163 162
113 158 121 162
120 123 124 165
120 124 122 166
120 164 165 166
124 165 167 166
120 165 124 166
115 116 129 160
115 129 168 169
115 159 160 169
129 160 170 169
115 160 129 169
116 117 129 160
117 130 129 171
117 129 160 171
117 160 161 171
129 160 171 170
117 118 131 162
117 131 130 171
117 161 162 171
131 162 172 171
117 162 131 171
118 121 131 162
121 132 131 173
121 131 162 173
121 162 163 173
131 162 173 172
121 122 133 166
121 133 132 173
121 163 166 173
133 166 174 173
121 166 133 173
122 124 133 166
124 134 133 175
124 133 166 175
124 166 167 175
133 166 175 174
129 130 137 171
129 137 136 176
129 170 171 176
137 171 177 176
129 171 137 176
130 131 137 171
131 138 137 178
131 137 171 178
131 171 172 178
137 171 178 177
131 132 139 173
131 139 138 178
131 172 173 178
139 173 179 178
131 173 139 178
132 133 139 173
133 140 139 180
133 139 173 180
133 173 174 180
139 173 180 179
133 134 141 175
133 141 140 180
133 174 175 180
141 175 181 180
133 175 141 180
137 138 144 178
137 144 182 183
137 177 178 183
144 178 184 183
137 178 144 183
138 139 144 178
139 145 144 185
139 144 178 185
139 178 179 185
144 178 185 184
139 140 147 180
139 147 145 185
139 179 180 185
147 180 186 185
139 180 147 185
187 148 150 190
187 150 188 191
187 189 190 191
150 190 192 191
187 190 150 191
148 149 150 190
149 151 150 194
149 150 190 194
149 190 193 194
150 190 194 192
149 152 153 195
149 153 151 194
149 193 195 194
153 195 196 194
149 195 153 194
152 154 153 195
154 155 153 198
154 153 195 198
154 195 197 198
153 195 198 196
154 157 158 199
154 158 155 198
154 197 199 198
158 199 200 198
154 199 158 198
150 151 160 194
150 160 159 201
150 192 194 201
160 194 202 201
150 194 160 201
151 153 160 194
153 161 160 203
153 160 194 203
153 194 196 203
160 194 203 202
153 155 162 198
153 162 161 203
153 196 198 203
162 198 204 203
153 198 162 203
155 158 162 198
158 163 162 205
158 162 198 205
158 198 200 205
162 198 205 204
158 164 166 206
158 166 163 205
158 200 206 205
166 206 207 205
158 206 166 205
164 165 166 206
165 167 166 209
165 166 206 209
165 206 208 209
166 206 209 207
159 160 169 201
160 170 169 211
160 169 201 211
160 201 202 211
169 201 211 210
160 161 171 203
160 171 170 211
160 202 203 211
171 203 212 211
160 203 171 211
161 162 171 203
162 172 171 213
162 171 203 213
162 203 204 213
171 203 213 212
162 163 173 205
162 173 172 213
162 204 205 213
173 205 214 213
162 205 173 213
163 166 173 205
166 174 173 215
166 173 205 215
166 205 207 215
173 205 215 214
166 167 175 209
166 175 174 215
166 207 209 215
175 209 216 215
166 209 175 215
170 171 176 211
171 177 176 218
171 176 211 218
171 211 212 218
176 211 218 217
171 172 178 213
171 178 177 218
171 212 213 218
178 213 219 218
171 213 178 218
172 173 178 213
173 179 178 220
173 178 213 220
173 213 214 220
178 213 220 219
173 174 180 215
173 180 179 220
173 214 215 220
180 215 221 220
173 215 180 220
178 179 185 220
178 185 184 222
178 219 220 222
185 220 223 222
178 220 185 222
224 225 195 226
225 197 195 229
225 195 226 229
225 226 227 229
195 226 229 228
190 193 194 231
190 194 192 232
190 230 231 232
194 231 233 232
190 231 194 232
193 195 194 231
195 196 194 234
195 194 231 234
195 231 228 234
194 231 234 233
195 197 198 229
195 198 196 234
195 228 229 234
198 229 235 234
195 229 198 234
197 199 198 229
199 200 198 237
199 198 229 237
199 229 236 237
198 229 237 235
199 238 206 239
199 206 200 237
199 236 239 237
206 239 240 237
199 239 206 237
192 194 201 232
194 202 201 242
194 201 232 242
194 232 233 242
201 232 242 241
196 198 203 234
198 204 203 244
198 203 234 244
198 234 235 244
203 234 244 243
198 200 205 237
198 205 204 244
198 235 237 244
205 237 245 244
198 237 205 244
200 206 205 237
206 207 205 246
206 205 237 246
206 237 240 246
205 237 246 245
202 203 211 242
203 212 211 248
203 211 242 248
203 242 243 248
211 242 248 247
203 204 213 244
203 213 212 248
203 243 244 248
213 244 249 248
203 244 213 248
204 205 213 244
205 214 213 250
205 213 244 250
205 244 245 250
213 244 250 249
213 214 220 250
213 220 219 251
213 249 250 251
220 250 252 251
213 250 220 251
228 229 234 253
229 235 234 256
229 234 253 256
229 253 254 256
234 253 256 255

EDGES
0 1
0 2
0 3
0 4
0 5
0 6
1 3
1 5
1 8
2 3
2 6
3 5
3 6
3 7
3 8
3 9
3 11
4 5
4 6
5 6
5 7
5 8
5 10
5 11
5 24
5 33
5 34
6 7
7 11
7 34
8 9
8 10
8 11
8 12
8 13
8 14
9 11
9 13
10 11
10 14
10 20
10 24
11 13
11 14
11 15
11 24
11 34
11 35
11 36
11 40
11 41
11 42
12 13
12 14
12 16
13 14
13 15
13 16
13 17
13 19
14 15
14 16
14 18
14 19
14 20
14 21
14 23
14 24
14 25
14 26
14 28
14 36
15 19
15 36
15 41
16 17
16 18
16 19
17 19
18 19
18 26
18 28
18 30
19 28
19 30
19 36
19 37
19 38
19 39
19 41
19 44
19 45
20 21
20 22
20 23
20 24
21 23
21 26
22 23
22 24
22 47
22 48
22 52
23 24
23 25
23 26
23 27
23 28
23 52
23 59
23 60
23 61
24 25
24 33
24 34
24 35
24 36
24 48
24 52
24 57
24 58
24 60
24 66
25 28
25 36
25 60
26 27
26 28
26 29
26 30
26 31
27 28
27 31
27 61
28 30
28 31
28 32
28 36
28 37
28 39
28 60
28 61
28 62
28 64
28 68
29 30
29 31
30 31
30 32
30 38
30 39
31 32
31 61
31 63
31 64
32 39
32 64
33 34
33 48
33 54
33 57
34 35
34 42
34 57
34 65
34 66
34 70
34 71
35 36
35 42
35 66
36 37
36 41
36 42
36 43
36 45
36 60
36 66
36 67
36 68
36 73
37 39
37 45
37 68
38 39
39 64
39 68
39 69
40 41
40 42
41 42
41 43
41 44
41 45
42 43
42 66
42 70
42 71
42 72
42 73
43 45
43 73
44 45
45 68
45 73
45 74
46 47
46 48
46 49
47 48
47 49
47 50
47 52
48 49
48 51
48 52
48 53
48 54
48 55
48 57
49 50
49 51
49 52
49 55
49 75
49 76
49 77
49 79
49 80
50 52
50 80
51 52
51 55
51 57
51 79
52 57
52 58
52 59
52 60
52 79
52 80
52 81
52 84
52 85
53 54
53 55
54 55
54 56
54 57
55 56
55 57
55 75
55 76
55 78
55 79
55 82
56 57
56 82
56 91
57 58
57 65
57 66
57 79
57 82
57 83
57 84
57 91
57 93
58 60
58 66
58 84
59 60
59 61
59 85
60 61
60 62
60 66
60 67
60 68
60 84
60 85
60 86
60 88
60 95
61 62
61 63
61 64
61 85
61 87
61 88
61 89
62 64
62 68
62 88
63 64
63 89
64 68
64 69
64 88
64 89
64 90
64 97
65 66
65 71
65 91
65 93
66 67
66 71
66 72
66 73
66 84
66 93
66 94
66 95
66 99
67 68
67 73
67 95
68 69
68 73
68 74
68 88
68 95
68 96
68 97
68 101
68 102
69 97
69 102
70 71
71 72
71 93
71 98
71 99
72 73
72 99
73 74
73 95
73 99
73 100
73 101
74 101
74 102
75 76
76 77
76 78
76 79
76 104
76 105
76 106
76 107
76 109
76 110
77 79
77 80
77 110
78 79
78 82
78 105
78 109
79 80
79 81
79 82
79 83
79 84
79 109
79 110
79 111
79 113
79 117
80 81
80 110
80 112
80 113
81 84
81 85
81 113
82 83
82 91
82 92
82 93
82 105
82 109
82 114
82 115
82 116
82 117
82 129
83 84
83 93
83 117
84 85
84 86
84 93
84 94
84 95
84 113
84 117
84 118
84 121
84 131
85 86
85 87
85 88
85 119
85 120
85 121
86 88
86 95
86 121
87 88
87 89
87 120
88 89
88 90
88 95
88 96
88 97
88 120
88 121
88 122
88 124
88 133
89 90
89 120
89 123
89 124
89 125
89 126
89 127
90 97
90 124
90 126
91 92
91 93
92 93
92 129
92 135
93 94
93 98
93 99
93 117
93 129
93 130
93 131
93 135
93 137
94 95
94 99
94 131
95 96
95 99
95 100
95 101
95 121
95 131
95 132
95 133
95 139
96 97
96 101
96 133
97 101
97 102
97 103
97 124
97 133
97 134
97 141
98 99
98 135
98 137
99 100
99 131
99 137
99 138
99 139
99 142
99 143
99 144
100 101
100 139
100 143
101 102
101 103
101 133
101 139
101 140
101 141
101 143
101 146
101 147
102 103
103 141
104 105
104 106
105 106
105 108
105 109
105 114
105 115
106 107
106 108
106 109
106 148
106 149
106 150
107 109
107 110
107 149
108 109
108 115
108 150
109 110
109 111
109 115
109 116
109 117
109 149
109 150
109 151
109 153
109 160
110 111
110 112
110 113
110 149
110 152
110 153
110 154
111 113
111 117
111 153
112 113
112 154
112 156
113 117
113 118
113 119
113 121
113 153
113 154
113 155
113 156
113 158
113 162
114 115
115 116
115 129
115 150
115 159
115 160
115 168
115 169
116 117
116 129
116 160
117 118
117 129
117 130
117 131
117 153
117 160
117 161
117 162
117 171
118 121
118 131
118 162
119 120
119 121
119 156
119 158
120 121
120 122
120 123
120 124
120 164
120 165
120 166
121 122
121 131
121 132
121 133
121 158
121 162
121 163
121 166
121 173
122 124
122 133
122 166
123 124
123 127
123 165
124 126
124 127
124 128
124 133
124 134
124 165
124 166
124 167
124 175
125 126
125 127
126 127
126 128
127 128
129 130
129 135
129 136
129 137
129 160
129 168
129 169
129 170
129 171
129 176
130 131
130 137
130 171
131 132
131 137
131 138
131 139
131 162
131 171
131 172
131 173
131 178
132 133
132 139
132 173
133 134
133 139
133 140
133 141
133 166
133 173
133 174
133 175
133 180
134 141
134 175
135 136
135 137
136 137
136 176
137 138
137 144
137 171
137 176
137 177
137 178
137 182
137 183
138 139
138 144
138 178
139 140
139 143
139 144
139 145
139 147
139 173
139 178
139 179
139 180
139 185
140 141
140 147
140 180
141 175
141 180
141 181
142 143
142 144
143 144
143 145
143 146
143 147
144 145
144 178
144 182
144 183
144 184
144 185
145 147
145 185
146 147
147 180
147 185
147 186
148 149
148 150
148 187
148 190
149 150
149 151
149 152
149 153
149 190
149 193
149 194
149 195
150 151
150 159
150 160
150 187
150 188
150 190
150 191
150 192
150 194
150 201
151 153
151 160
151 194
152 153
152 154
152 195
153 154
153 155
153 160
153 161
153 162
153 194
153 195
153 196
153 198
153 203
154 155
154 156
154 157
154 158
154 195
154 197
154 198
154 199
155 158
155 162
155 198
156 157
156 158
157 158
157 199
158 162
158 163
158 164
158 166
158 198
158 199
158 200
158 205
158 206
159 160
159 169
159 201
160 161
160 169
160 170
160 171
160 194
160 201
160 202
160 203
160 211
161 162
161 171
161 203
162 163
162 171
162 172
162 173
162 198
162 203
162 204
162 205
162 213
163 166
163 173
163 205
164 165
164 166
164 206
165 166
165 167
165 206
165 208
165 209
166 167
166 173
166 174
166 175
166 205
166 206
166 207
166 209
166 215
167 175
167 209
168 169
169 170
169 201
169 210
169 211
170 171
170 176
170 211
171 172
171 176
171 177
171 178
171 203
171 211
171 212
171 213
171 218
172 173
172 178
172 213
173 174
173 178
173 179
173 180
173 205
173 213
173 214
173 215
173 220
174 175
174 180
174 215
175 180
175 181
175 209
175 215
175 216
176 177
176 211
176 217
176 218
177 178
177 183
177 218
178 179
178 183
178 184
178 185
178 213
178 218
178 219
178 220
178 222
179 180
179 185
179 220
180 181
180 185
180 186
180 215
180 220
180 221
182 183
183 184
184 185
184 222
185 186
185 220
185 222
185 223
187 188
187 189
187 190
187 191
188 191
189 190
189 191
190 191
190 192
190 193
190 194
190 230
190 231
190 232
191 192
192 194
192 201
192 232
193 194
193 195
193 231
194 195
194 196
194 201
194 202
194 203
194 231
194 232
194 233
194 234
194 242
195 196
195 197
195 198
195 224
195 225
195 226
195 228
195 229
195 231
195 234
196 198
196 203
196 234
197 198
197 199
197 225
197 229
198 199
198 200
198 203
198 204
198 205
198 229
198 234
198 235
198 237
198 244
199 200
199 206
199 229
199 236
199 237
199 238
199 239
200 205
200 206
200 237
201 202
201 210
201 211
201 232
201 241
201 242
202 203
202 211
202 242
203 204
203 211
203 212
203 213
203 234
203 242
203 243
203 244
203 248
204 205
204 213
204 244
205 206
205 207
205 213
205 214
205 215
205 237
205 244
205 245
205 246
205 250
206 207
206 208
206 209
206 237
206 238
206 239
206 240
206 246
207 209
207 215
207 246
208 209
209 215
209 216
210 211
211 212
211 217
211 218
211 242
211 247
211 248
212 213
212 218
212 248
213 214
213 218
213 219
213 220
213 244
213 248
213 249
213 250
213 251
214 215
214 220
214 250
215 216
215 220
215 221
217 218
218 219
219 220
219 222
219 251
220 221
220 222
220 223
220 250
220 251
220 252
222 223
224 225
224 226
225 226
225 227
225 229
226 227
226 228
226 229
227 229
228 229
228 231
228 234
228 253
229 234
229 235
229 236
229 237
229 253
229 254
229 256
230 231
230 232
231 232
231 233
231 234
232 233
232 241
232 242
233 234
233 242
234 235
234 243
234 244
234 253
234 255
234 256
235 237
235 244
235 256
236 237
236 239
237 239
237 240
237 244
237 245
237 246
238 239
239 240
240 246
241 242
242 243
242 247
242 248
243 244
243 248
244 245
244 248
244 249
244 250
245 246
245 250
247 248
248 249
249 250
249 251
250 251
250 252
251 252
253 254
253 255
253 256
254 256
255 256

SURFACE_TRIANGLES
0 3 1
0 1 5
0 2 3
0 6 2
0 5 4
0 4 6
1 3 8
1 8 5
3 2 6
3 6 7
3 7 11
8 3 9
9 3 11
4 5 6
5 7 6
5 34 7
8 10 5
5 10 24
5 24 33
5 33 34
11 7 34
8 9 13
8 14 10
8 13 12
8 12 14
13 9 11
20 10 14
20 24 10
13 11 15
11 41 15
11 34 35
11 35 42
11 40 41
11 42 40
12 13 16
12 16 14
13 15 19
16 13 17
17 13 19
16 18 14
26 14 18
20 14 21
21 14 26
15 41 19
16 17 19
16 19 18
18 19 30
26 18 30
30 19 38
19 37 39
19 45 37
38 19 39
19 41 44
19 44 45
20 21 23
20 23 22
20 22 24
21 26 23
22 23 52
48 24 22
47 48 22
47 22 52
26 27 23
23 27 61
23 59 52
23 61 59
48 33 24
26 31 27
26 30 29
26 29 31
27 31 61
29 30 31
30 32 31
30 39 32
30 38 39
31 32 64
31 63 61
31 64 63
32 39 64
33 57 34
48 54 33
33 54 57
34 42 35
34 70 42
34 57 65
34 65 71
34 71 70
39 37 68
37 45 68
39 69 64
39 68 69
41 40 42
41 42 43
41 43 45
44 41 45
43 42 73
42 70 71
42 71 72
42 72 73
45 43 73
45 74 68
45 73 74
46 48 47
46 47 49
46 49 48
47 50 49
47 52 50
48 49 51
48 51 55
53 54 48
53 48 55
49 50 80
49 55 51
75 55 49
75 49 76
49 77 76
49 80 77
50 52 80
52 59 85
52 81 80
52 85 81
53 55 54
54 55 56
54 56 57
55 82 56
75 76 55
55 76 78
55 78 82
56 91 57
56 82 91
57 91 65
59 61 85
61 63 89
61 87 85
61 89 87
63 64 89
64 69 97
64 90 89
64 97 90
65 93 71
65 91 93
68 102 69
68 74 102
69 102 97
72 71 99
71 93 98
71 98 99
73 72 99
74 73 101
73 99 100
73 100 101
102 74 101
76 77 110
76 105 78
104 105 76
104 76 106
76 107 106
76 110 107
77 80 110
105 82 78
80 81 113
80 112 110
80 113 112
81 85 84
81 84 113
91 82 92
82 129 92
105 114 82
82 114 115
82 115 116
82 116 129
85 86 84
84 86 121
84 118 113
84 121 118
85 121 86
85 87 120
85 120 119
85 119 121
87 89 120
89 90 126
89 123 120
89 127 123
89 126 125
89 125 127
90 97 124
126 90 124
91 92 93
92 135 93
92 129 135
93 135 98
102 103 97
97 103 141
97 134 124
97 141 134
99 98 137
98 135 137
99 143 100
99 137 138
99 138 144
99 142 143
99 144 142
100 143 101
102 101 103
103 101 141
101 140 141
101 147 140
101 143 146
101 146 147
104 106 105
105 106 108
105 108 115
105 115 114
106 107 149
106 150 108
106 149 148
106 148 150
107 110 149
108 150 115
110 112 154
110 152 149
110 154 152
112 113 156
112 156 154
113 118 121
113 121 119
156 113 119
115 129 116
115 168 129
115 150 159
115 159 169
115 169 168
119 120 121
119 121 158
156 119 158
120 122 121
120 166 122
120 123 165
120 165 164
120 164 166
121 122 166
121 163 158
121 166 163
123 127 124
123 124 165
126 124 128
127 128 124
124 134 175
124 167 165
124 175 167
125 126 127
126 128 127
135 129 136
129 176 136
129 168 169
129 169 170
129 170 176
134 141 175
135 136 137
137 136 176
137 144 138
137 182 144
137 176 177
137 177 183
137 183 182
141 140 180
140 147 180
141 181 175
141 180 181
143 142 144
143 144 145
143 145 147
146 143 147
145 144 185
144 182 183
144 183 184
144 184 185
147 145 185
147 186 180
147 185 186
148 149 190
187 150 148
187 148 190
149 152 195
149 193 190
149 195 193
150 201 159
187 188 150
150 188 191
150 191 192
150 192 201
152 154 195
156 157 154
154 157 199
154 197 195
154 199 197
156 158 157
157 158 199
158 163 166
158 166 164
158 164 206
158 200 199
158 206 200
159 201 169
164 165 206
165 167 209
165 208 206
165 209 208
167 175 209
170 169 211
169 201 210
169 210 211
170 211 176
174 175 180
175 174 215
174 180 215
175 181 180
175 216 209
175 215 216
177 176 218
176 211 217
176 217 218
177 178 183
178 177 218
178 184 183
178 222 184
178 218 219
178 219 222
179 180 185
180 179 220
179 185 220
180 186 185
180 221 215
180 220 221
185 184 222
185 223 220
185 222 223
187 191 188
187 190 189
187 189 191
189 190 191
190 192 191
190 232 192
190 193 231
190 231 230
190 230 232
192 232 201
193 195 231
194 196 203
196 194 234
194 203 202
194 202 242
194 233 234
194 242 233
225 195 197
224 195 225
224 226 195
195 226 228
195 228 231
196 234 203
197 199 229
225 197 229
199 200 206
199 206 238
199 236 229
199 239 236
199 238 239
201 202 211
202 201 242
201 211 210
201 232 241
201 241 242
202 203 242
202 242 211
203 234 243
203 243 242
205 207 215
207 205 246
205 215 214
205 214 250
205 245 246
205 250 245
206 209 207
206 207 246
206 208 209
238 206 239
206 240 239
206 246 240
207 209 215
209 216 215
211 212 218
212 211 248
211 218 217
211 242 247
211 247 248
212 213 218
213 212 248
213 219 218
213 251 219
213 248 249
213 249 251
214 215 220
214 220 250
215 221 220
219 220 222
220 219 251
220 223 222
220 252 250
220 251 252
224 225 226
225 227 226
225 229 227
226 227 229
226 229 228
228 229 253
231 228 234
228 253 234
229 237 235
229 235 256
229 236 237
229 254 253
229 256 254
230 231 232
231 233 232
231 234 233
232 233 242
232 242 241
234 235 244
235 234 256
234 244 243
234 253 255
234 255 256
235 237 244
236 239 237
239 240 237
237 240 246
237 245 244
237 246 245
242 243 248
242 248 247
243 244 248
244 245 250
244 249 248
244 250 249
249 250 251
250 252 251
253 254 256
253 256 255
